500
125000000
242
10
10
9
10
10
10
9
10
10
600
216000000
16
16
16
16
16
16
15
14
14
15
700
343000000
22
22
23
22
52
28
23
21
21
23
800
512000000
46
42
36
39
39
33
32
32
34
36
900
729000000
52
49
48
49
49
48
48
48
48
48
1000
1000000000
56
56
56
56
56
56
57
56
56
55
1100
1331000000
87
87
87
87
88
88
88
87
87
86
1200
1728000000
112
111
112
113
164
111
112
112
112
111
1300
2197000000
137
137
137
137
137
136
137
137
137
136
1400
2744000000
159
159
159
160
159
159
160
159
160
159
1500
3375000000
226
227
227
227
227
226
228
227
227
228
1600
4096000000
283
283
285
285
284
284
284
284
284
284
1700
4913000000
326
324
325
326
325
324
324
325
325
324
1800
5832000000
405
406
405
405
404
403
497
405
406
405
1900
6859000000
452
451
452
451
450
453
452
452
453
452
2000
8000000000
460
458
459
459
459
459
461
461
461
459
2100
9261000000
536
539
538
538
541
538
538
538
537
538
2200
10648000000
735
735
732
735
731
734
733
731
734
732
2300
12167000000
833
833
833
832
831
852
833
832
844
860
