500
125000000
3
3
4
3
3
3
3
3
3
4
600
216000000
5
4
4
4
4
4
4
4
4
4
700
343000000
6
6
7
6
6
7
6
6
6
6
800
512000000
9
8
8
8
8
13
8
12
11
12
900
729000000
15
14
12
16
17
11
11
17
13
11
1000
1000000000
12
13
16
12
24
15
14
12
13
12
1100
1331000000
18
17
17
18
18
17
17
17
17
17
1200
1728000000
18
18
19
20
19
19
19
19
18
20
1300
2197000000
27
27
27
28
27
28
26
26
27
28
1400
2744000000
29
28
29
29
29
28
32
30
28
28
1500
3375000000
37
39
38
37
38
33
33
32
32
34
1600
4096000000
39
39
39
39
38
38
38
38
38
37
1700
4913000000
44
44
46
45
44
44
44
43
47
43
1800
5832000000
45
47
45
45
45
46
47
46
46
47
1900
6859000000
61
60
58
60
60
61
62
61
60
60
2000
8000000000
63
62
64
63
62
63
61
62
59
61
2100
9261000000
80
79
80
80
78
79
80
81
78
79
2200
10648000000
85
84
85
85
83
85
83
83
84
83
2300
12167000000
104
104
173
104
103
101
104
102
102
103
