500
125000000
174
2
2
2
3
2
2
2
2
2
600
216000000
3
2
2
3
2
2
2
2
2
2
700
343000000
2
2
2
2
2
3
3
3
3
3
800
512000000
3
3
4
4
3
3
4
4
3
7
900
729000000
4
4
4
4
4
4
4
4
8
6
1000
1000000000
5
8
14
4
4
3
5
3
4
4
1100
1331000000
7
6
4
5
6
4
4
6
11
6
1200
1728000000
6
6
5
4
5
4
4
4
4
4
1300
2197000000
5
6
6
5
6
5
5
5
5
5
1400
2744000000
7
6
6
6
7
5
6
6
6
6
1500
3375000000
6
8
7
7
7
7
8
6
6
6
1600
4096000000
7
7
8
8
7
8
7
7
8
7
1700
4913000000
11
8
8
8
8
8
8
10
8
8
1800
5832000000
10
9
9
10
9
9
9
9
9
9
1900
6859000000
10
10
9
10
10
10
12
10
10
11
2000
8000000000
11
10
11
10
11
11
10
13
10
11
2100
9261000000
12
13
12
12
12
12
12
12
12
12
2200
10648000000
15
13
12
14
16
13
12
13
15
13
2300
12167000000
15
14
15
15
14
15
14
14
14
15
