500
125000000
245
29
29
29
29
30
23
23
22
22
600
216000000
39
43
42
41
40
58
49
40
41
43
700
343000000
67
67
74
67
69
70
76
64
65
64
800
512000000
93
93
92
93
92
93
92
93
92
95
900
729000000
132
132
133
136
133
134
133
133
134
136
1000
1000000000
182
181
184
183
178
179
179
178
179
180
1100
1331000000
239
240
240
240
241
241
242
241
241
241
1200
1728000000
313
313
315
312
313
314
317
313
314
313
1300
2197000000
395
397
396
397
396
396
396
396
396
395
1400
2744000000
492
490
491
492
492
491
493
491
493
493
1500
3375000000
612
615
613
614
612
611
611
611
612
612
1600
4096000000
748
748
747
748
750
750
751
752
753
749
1700
4913000000
925
900
900
900
899
900
899
900
901
913
1800
5832000000
1075
1076
1075
1075
1075
1075
1077
1075
1075
1078
1900
6859000000
1256
1257
1257
1255
1257
1257
1258
1257
1257
1258
2000
8000000000
1439
1439
1438
1441
1438
1442
1440
1441
1464
1440
2100
9261000000
1691
1674
1679
1677
1675
1678
1682
1693
1681
1679
2200
10648000000
1963
1965
1967
1966
1967
1972
1978
1982
1970
1971
2300
12167000000
2291
2257
2439
2259
2272
2269
2276
2272
2277
2277
