500
125000000
216
3
4
3
4
4
4
4
5
4
600
216000000
5
11
6
149
5
6
5
5
5
6
700
343000000
7
7
8
7
7
7
7
9
8
7
800
512000000
12
12
11
14
12
13
15
11
11
11
900
729000000
13
13
12
12
12
14
15
14
13
13
1000
1000000000
15
15
15
15
15
15
15
14
14
14
1100
1331000000
22
22
22
23
21
24
22
22
23
23
1200
1728000000
29
30
29
28
29
29
29
28
28
28
1300
2197000000
37
35
35
35
36
33
37
35
37
38
1400
2744000000
39
40
39
38
39
39
38
37
38
39
1500
3375000000
66
63
69
64
67
65
61
63
67
66
1600
4096000000
78
70
85
75
71
74
76
74
74
73
1700
4913000000
114
110
113
106
100
109
108
111
105
112
1800
5832000000
108
110
115
112
118
122
111
115
113
119
1900
6859000000
162
153
162
158
155
154
156
157
145
147
2000
8000000000
128
117
121
123
117
119
117
118
125
130
2100
9261000000
177
176
178
184
181
183
186
181
174
175
2200
10648000000
228
214
217
216
218
233
235
223
228
225
2300
12167000000
308
311
313
308
303
326
319
321
324
311
