500
125000000
183
2
2
3
2
2
3
3
3
3
600
216000000
4
4
5
5
5
4
4
5
4
4
700
343000000
6
6
6
6
6
5
5
6
5
4
800
512000000
6
7
7
6
6
8
8
7
7
7
900
729000000
9
10
10
10
9
9
26
35
11
11
1000
1000000000
11
21
14
15
12
13
16
13
13
12
1100
1331000000
17
17
20
14
15
14
14
15
14
13
1200
1728000000
17
18
17
17
18
18
17
17
17
17
1300
2197000000
21
21
22
21
21
21
22
21
21
21
1400
2744000000
25
26
25
25
25
25
25
25
24
25
1500
3375000000
30
32
30
32
30
30
30
30
29
30
1600
4096000000
35
34
33
33
34
33
31
31
32
32
1700
4913000000
37
37
37
37
39
37
37
36
38
36
1800
5832000000
42
42
42
42
42
46
44
42
44
44
1900
6859000000
51
51
48
49
49
49
49
49
47
46
2000
8000000000
56
58
56
56
55
55
55
54
54
54
2100
9261000000
62
64
62
61
63
62
63
62
62
63
2200
10648000000
72
71
72
72
72
73
72
72
71
71
2300
12167000000
80
81
80
79
79
81
80
80
80
81
