500
125000000
198
5
5
5
5
5
5
5
5
5
600
216000000
7
7
8
7
7
7
8
8
7
8
700
343000000
11
12
10
10
10
10
10
10
9
10
800
512000000
19
20
19
20
21
18
22
27
25
23
900
729000000
22
27
25
35
34
22
24
30
23
23
1000
1000000000
27
28
186
27
28
26
26
24
23
25
1100
1331000000
37
38
38
37
38
37
38
37
37
37
1200
1728000000
50
52
51
52
51
51
51
50
52
53
1300
2197000000
59
59
59
60
59
60
60
59
59
59
1400
2744000000
67
69
68
68
68
69
67
69
68
68
1500
3375000000
103
101
102
102
101
102
103
102
102
103
1600
4096000000
126
131
128
126
127
127
128
127
127
129
1700
4913000000
149
149
149
149
149
149
149
151
150
149
1800
5832000000
187
188
187
188
188
187
188
188
191
188
1900
6859000000
210
211
212
212
210
209
211
211
210
210
2000
8000000000
204
202
203
202
203
202
204
207
201
202
2100
9261000000
251
247
248
254
250
251
251
249
249
250
2200
10648000000
349
350
348
347
348
349
347
346
346
346
2300
12167000000
396
398
399
397
402
397
402
397
402
395
